10.0 114.3 15.7
20.0 118.4 21.2
30.0 123.2 23.9
40.0 127.5 25.6
50.0 131.1 27.0
60.0 134.4 28.0
70.0 137.3 28.9
80.0 139.9 29.6
90.0 142.3 30.3
100.0 144.5 30.9
110.0 146.5 31.4
120.0 148.4 31.9
130.0 150.2 32.4
140.0 151.9 32.8
150.0 153.5 33.2
160.0 155.0 33.5
170.0 156.5 33.9
180.0 157.9 34.2
190.0 159.2 34.5
200.0 160.4 34.8
210.0 161.7 35.0
220.0 162.8 35.3
230.0 164.0 35.5
240.0 165.1 35.8
250.0 166.1 36.0
260.0 167.1 36.2
270.0 168.1 36.4
280.0 169.1 36.6
290.0 170.0 36.8
300.0 170.9 37.0
310.0 171.8 37.2
320.0 172.7 37.4
330.0 173.5 37.5
340.0 174.3 37.7
350.0 175.1 37.8
360.0 175.9 38.0
370.0 176.7 38.2
380.0 177.4 38.3
390.0 178.1 38.4
400.0 178.8 38.6
410.0 179.5 38.7
420.0 180.2 38.9
430.0 180.9 39.0
440.0 181.6 39.1
450.0 182.2 39.2
460.0 182.8 39.4
470.0 183.5 39.5
480.0 184.1 39.6
490.0 184.7 39.7
500.0 185.3 39.8
510.0 185.9 39.9
520.0 186.4 40.0
530.0 187.0 40.1
540.0 187.6 40.2
550.0 188.1 40.3
560.0 188.7 40.4
570.0 189.2 40.5
580.0 189.7 40.6
590.0 190.2 40.7
600.0 190.7 40.8
610.0 191.2 40.9
620.0 191.7 41.0
630.0 192.2 41.1
640.0 192.7 41.2
650.0 193.2 41.3
660.0 193.7 41.3
670.0 194.1 41.4
680.0 194.6 41.5
690.0 195.0 41.6
700.0 195.5 41.7
710.0 195.9 41.8
720.0 196.4 41.8
730.0 196.8 41.9
740.0 197.2 42.0
750.0 197.7 42.1
760.0 198.1 42.1
770.0 198.5 42.2
780.0 198.9 42.3
790.0 199.3 42.3
800.0 199.7 42.4
810.0 200.1 42.5
820.0 200.5 42.5
830.0 200.9 42.6
840.0 201.3 42.7
850.0 201.7 42.7
860.0 202.0 42.8
870.0 202.4 42.9
880.0 202.8 42.9
890.0 203.1 43.0
900.0 203.5 43.1
910.0 203.9 43.1
920.0 204.2 43.2
930.0 204.6 43.2
940.0 204.9 43.3
950.0 205.3 43.4
960.0 205.6 43.4
970.0 206.0 43.5
980.0 206.3 43.5
990.0 206.6 43.6
1000.0 207.0 43.6
1010.0 207.3 43.7
1020.0 207.6 43.8
1030.0 208.0 43.8
1040.0 208.3 43.9
1050.0 208.6 43.9
1060.0 208.9 44.0
1070.0 209.2 44.0
1080.0 209.5 44.1
1090.0 209.9 44.1
1100.0 210.2 44.2
1110.0 210.5 44.2
1120.0 210.8 44.3
1130.0 211.1 44.3
1140.0 211.4 44.4
1150.0 211.7 44.4
1160.0 212.0 44.5
1170.0 212.3 44.5
1180.0 212.5 44.6
1190.0 212.8 44.6
1200.0 213.1 44.7
1210.0 213.4 44.7
1220.0 213.7 44.7
1230.0 214.0 44.8
1240.0 214.2 44.8
1250.0 214.5 44.9
1260.0 214.8 44.9
1270.0 215.1 45.0
1280.0 215.3 45.0
1290.0 215.6 45.1
1300.0 215.9 45.1
1310.0 216.1 45.1
1320.0 216.4 45.2
1330.0 216.7 45.2
1340.0 216.9 45.3
1350.0 217.2 45.3
1360.0 217.4 45.3
1370.0 217.7 45.4
1380.0 218.0 45.4
1390.0 218.2 45.5
1400.0 218.5 45.5
1410.0 218.7 45.5
1420.0 219.0 45.6
1430.0 219.2 45.6
1440.0 219.4 45.7
1450.0 219.7 45.7
1460.0 219.9 45.7
1470.0 220.2 45.8
1480.0 220.4 45.8
1490.0 220.7 45.8
1500.0 220.9 45.9
1510.0 221.1 45.9
1520.0 221.4 46.0
1530.0 221.6 46.0
1540.0 221.8 46.0
1550.0 222.1 46.1
1560.0 222.3 46.1
1570.0 222.5 46.1
1580.0 222.7 46.2
1590.0 223.0 46.2
1600.0 223.2 46.2
1610.0 223.4 46.3
1620.0 223.6 46.3
1630.0 223.9 46.3
1640.0 224.1 46.4
1650.0 224.3 46.4
1660.0 224.5 46.4
1670.0 224.7 46.5
1680.0 225.0 46.5
1690.0 225.2 46.5
1700.0 225.4 46.6
1710.0 225.6 46.6
1720.0 225.8 46.6
1730.0 226.0 46.7
1740.0 226.2 46.7
1750.0 226.4 46.7
1760.0 226.6 46.8
1770.0 226.9 46.8
1780.0 227.1 46.8
1790.0 227.3 46.9
1800.0 227.5 46.9
1810.0 227.7 46.9
1820.0 227.9 47.0
1830.0 228.1 47.0
1840.0 228.3 47.0
1850.0 228.5 47.0
1860.0 228.7 47.1
1870.0 228.9 47.1
1880.0 229.1 47.1
1890.0 229.3 47.2
1900.0 229.5 47.2
1910.0 229.6 47.2
1920.0 229.8 47.3
1930.0 230.0 47.3
1940.0 230.2 47.3
1950.0 230.4 47.3
1960.0 230.6 47.4
1970.0 230.8 47.4
1980.0 231.0 47.4
1990.0 231.2 47.4
2000.0 231.4 47.5
2010.0 231.5 47.5
2020.0 231.7 47.5
2030.0 231.9 47.6
2040.0 232.1 47.6
2050.0 232.3 47.6
2060.0 232.5 47.6
2070.0 232.6 47.7
2080.0 232.8 47.7
2090.0 233.0 47.7
2100.0 233.2 47.7
2110.0 233.4 47.8
2120.0 233.5 47.8
2130.0 233.7 47.8
2140.0 233.9 47.9
2150.0 234.1 47.9
2160.0 234.2 47.9
2170.0 234.4 47.9
2180.0 234.6 48.0
2190.0 234.8 48.0
2200.0 234.9 48.0
2210.0 235.1 48.0
2220.0 235.3 48.1
2230.0 235.4 48.1
2240.0 235.6 48.1
2250.0 235.8 48.1
2260.0 236.0 48.2
2270.0 236.1 48.2
2280.0 236.3 48.2
2290.0 236.5 48.2
2300.0 236.6 48.3
2310.0 236.8 48.3
2320.0 237.0 48.3
2330.0 237.1 48.3
2340.0 237.3 48.3
2350.0 237.4 48.4
2360.0 237.6 48.4
2370.0 237.8 48.4
2380.0 237.9 48.4
2390.0 238.1 48.5
2400.0 238.3 48.5
2410.0 238.4 48.5
2420.0 238.6 48.5
2430.0 238.7 48.6
2440.0 238.9 48.6
2450.0 239.0 48.6
2460.0 239.2 48.6
2470.0 239.4 48.6
2480.0 239.5 48.7
2490.0 239.7 48.7
2500.0 239.8 48.7
2510.0 240.0 48.7
2520.0 240.1 48.8
2530.0 240.3 48.8
2540.0 240.4 48.8
2550.0 240.6 48.8
2560.0 240.7 48.8
2570.0 240.9 48.9
2580.0 241.0 48.9
2590.0 241.2 48.9
2600.0 241.3 48.9
2610.0 241.5 49.0
2620.0 241.6 49.0
2630.0 241.8 49.0
2640.0 241.9 49.0
2650.0 242.1 49.0
2660.0 242.2 49.1
2670.0 242.4 49.1
2680.0 242.5 49.1
2690.0 242.7 49.1
2700.0 242.8 49.1
2710.0 243.0 49.2
2720.0 243.1 49.2
2730.0 243.2 49.2
2740.0 243.4 49.2
2750.0 243.5 49.2
2760.0 243.7 49.3
2770.0 243.8 49.3
2780.0 244.0 49.3
2790.0 244.1 49.3
2800.0 244.2 49.3
2810.0 244.4 49.4
2820.0 244.5 49.4
2830.0 244.7 49.4
2840.0 244.8 49.4
2850.0 244.9 49.4
2860.0 245.1 49.5
2870.0 245.2 49.5
2880.0 245.4 49.5
2890.0 245.5 49.5
2900.0 245.6 49.5
2910.0 245.8 49.6
2920.0 245.9 49.6
2930.0 246.0 49.6
2940.0 246.2 49.6
2950.0 246.3 49.6
2960.0 246.4 49.6
2970.0 246.6 49.7
2980.0 246.7 49.7
2990.0 246.8 49.7
3000.0 247.0 49.7
3010.0 247.1 49.7
3020.0 247.2 49.8
3030.0 247.4 49.8
3040.0 247.5 49.8
3050.0 247.6 49.8
3060.0 247.8 49.8
3070.0 247.9 49.8
3080.0 248.0 49.9
3090.0 248.2 49.9
3100.0 248.3 49.9
3110.0 248.4 49.9
3120.0 248.5 49.9
3130.0 248.7 50.0
3140.0 248.8 50.0
3150.0 248.9 50.0
3160.0 249.1 50.0
3170.0 249.2 50.0
3180.0 249.3 50.0
3190.0 249.4 50.1
3200.0 249.6 50.1
3210.0 249.7 50.1
3220.0 249.8 50.1
3230.0 249.9 50.1
3240.0 250.1 50.1
3250.0 250.2 50.2
3260.0 250.3 50.2
3270.0 250.4 50.2
3280.0 250.6 50.2
3290.0 250.7 50.2
3300.0 250.8 50.2
3310.0 250.9 50.3
3320.0 251.0 50.3
3330.0 251.2 50.3
3340.0 251.3 50.3
3350.0 251.4 50.3
3360.0 251.5 50.3
3370.0 251.6 50.4
3380.0 251.8 50.4
3390.0 251.9 50.4
3400.0 252.0 50.4
3410.0 252.1 50.4
3420.0 252.2 50.4
3430.0 252.4 50.5
3440.0 252.5 50.5
3450.0 252.6 50.5
3460.0 252.7 50.5
3470.0 252.8 50.5
3480.0 253.0 50.5
3490.0 253.1 50.6
3500.0 253.2 50.6
3510.0 253.3 50.6
3520.0 253.4 50.6
3530.0 253.5 50.6
3540.0 253.7 50.6
3550.0 253.8 50.7
3560.0 253.9 50.7
3570.0 254.0 50.7
3580.0 254.1 50.7
3590.0 254.2 50.7
3600.0 254.3 50.7
3610.0 254.5 50.7
3620.0 254.6 50.8
3630.0 254.7 50.8
3640.0 254.8 50.8
3650.0 254.9 50.8
3660.0 255.0 50.8
3670.0 255.1 50.8
3680.0 255.2 50.9
3690.0 255.4 50.9
3700.0 255.5 50.9
3710.0 255.6 50.9
3720.0 255.7 50.9
3730.0 255.8 50.9
3740.0 255.9 50.9
3750.0 256.0 51.0
3760.0 256.1 51.0
3770.0 256.2 51.0
3780.0 256.4 51.0
3790.0 256.5 51.0
3800.0 256.6 51.0
3810.0 256.7 51.0
3820.0 256.8 51.1
3830.0 256.9 51.1
3840.0 257.0 51.1
3850.0 257.1 51.1
3860.0 257.2 51.1
3870.0 257.3 51.1
3880.0 257.4 51.1
3890.0 257.5 51.2
3900.0 257.6 51.2
3910.0 257.8 51.2
3920.0 257.9 51.2
3930.0 258.0 51.2
3940.0 258.1 51.2
3950.0 258.2 51.2
3960.0 258.3 51.3
3970.0 258.4 51.3
3980.0 258.5 51.3
3990.0 258.6 51.3
4000.0 258.7 51.3
4010.0 258.8 51.3
4020.0 258.9 51.3
4030.0 259.0 51.4
4040.0 259.1 51.4
4050.0 259.2 51.4
4060.0 259.3 51.4
4070.0 259.4 51.4
4080.0 259.5 51.4
4090.0 259.6 51.4
4100.0 259.7 51.5
4110.0 259.8 51.5
4120.0 259.9 51.5
4130.0 260.0 51.5
4140.0 260.1 51.5
4150.0 260.2 51.5
4160.0 260.3 51.5
4170.0 260.4 51.5
4180.0 260.5 51.6
4190.0 260.6 51.6
4200.0 260.7 51.6
4210.0 260.8 51.6
4220.0 260.9 51.6
4230.0 261.0 51.6
4240.0 261.1 51.6
4250.0 261.2 51.7
4260.0 261.3 51.7
4270.0 261.4 51.7
4280.0 261.5 51.7
4290.0 261.6 51.7
4300.0 261.7 51.7
4310.0 261.8 51.7
4320.0 261.9 51.7
4330.0 262.0 51.8
4340.0 262.1 51.8
4350.0 262.2 51.8
4360.0 262.3 51.8
4370.0 262.4 51.8
4380.0 262.5 51.8
4390.0 262.6 51.8
4400.0 262.7 51.8
4410.0 262.8 51.9
4420.0 262.9 51.9
4430.0 263.0 51.9
4440.0 263.1 51.9
4450.0 263.2 51.9
4460.0 263.3 51.9
4470.0 263.4 51.9
4480.0 263.5 51.9
4490.0 263.6 52.0
4500.0 263.7 52.0
4510.0 263.8 52.0
4520.0 263.9 52.0
4530.0 263.9 52.0
4540.0 264.0 52.0
4550.0 264.1 52.0
4560.0 264.2 52.0
4570.0 264.3 52.1
4580.0 264.4 52.1
4590.0 264.5 52.1
4600.0 264.6 52.1
4610.0 264.7 52.1
4620.0 264.8 52.1
4630.0 264.9 52.1
4640.0 265.0 52.1
4650.0 265.1 52.2
4660.0 265.2 52.2
4670.0 265.2 52.2
4680.0 265.3 52.2
4690.0 265.4 52.2
4700.0 265.5 52.2
4710.0 265.6 52.2
4720.0 265.7 52.2
4730.0 265.8 52.2
4740.0 265.9 52.3
4750.0 266.0 52.3
4760.0 266.1 52.3
4770.0 266.2 52.3
4780.0 266.2 52.3
4790.0 266.3 52.3
4800.0 266.4 52.3
4810.0 266.5 52.3
4820.0 266.6 52.4
4830.0 266.7 52.4
4840.0 266.8 52.4
4850.0 266.9 52.4
4860.0 267.0 52.4
4870.0 267.0 52.4
4880.0 267.1 52.4
4890.0 267.2 52.4
4900.0 267.3 52.4
4910.0 267.4 52.5
4920.0 267.5 52.5
4930.0 267.6 52.5
4940.0 267.7 52.5
4950.0 267.8 52.5
4960.0 267.8 52.5
4970.0 267.9 52.5
4980.0 268.0 52.5
4990.0 268.1 52.5
5000.0 268.2 52.6
5010.0 268.3 52.6
5020.0 268.4 52.6
5030.0 268.4 52.6
5040.0 268.5 52.6
5050.0 268.6 52.6
5060.0 268.7 52.6
5070.0 268.8 52.6
5080.0 268.9 52.6
5090.0 269.0 52.7
5100.0 269.0 52.7
5110.0 269.1 52.7
5120.0 269.2 52.7
5130.0 269.3 52.7
5140.0 269.4 52.7
5150.0 269.5 52.7
5160.0 269.6 52.7
5170.0 269.6 52.7
5180.0 269.7 52.8
5190.0 269.8 52.8
5200.0 269.9 52.8
5210.0 270.0 52.8
5220.0 270.1 52.8
5230.0 270.1 52.8
5240.0 270.2 52.8
5250.0 270.3 52.8
5260.0 270.4 52.8
5270.0 270.5 52.8
5280.0 270.6 52.9
5290.0 270.6 52.9
5300.0 270.7 52.9
5310.0 270.8 52.9
5320.0 270.9 52.9
5330.0 271.0 52.9
5340.0 271.0 52.9
5350.0 271.1 52.9
5360.0 271.2 52.9
5370.0 271.3 53.0
5380.0 271.4 53.0
5390.0 271.5 53.0
5400.0 271.5 53.0
5410.0 271.6 53.0
5420.0 271.7 53.0
5430.0 271.8 53.0
5440.0 271.9 53.0
5450.0 271.9 53.0
5460.0 272.0 53.0
5470.0 272.1 53.1
5480.0 272.2 53.1
5490.0 272.3 53.1
5500.0 272.3 53.1
5510.0 272.4 53.1
5520.0 272.5 53.1
5530.0 272.6 53.1
5540.0 272.7 53.1
5550.0 272.7 53.1
5560.0 272.8 53.1
5570.0 272.9 53.2
5580.0 273.0 53.2
5590.0 273.1 53.2
5600.0 273.1 53.2
5610.0 273.2 53.2
5620.0 273.3 53.2
5630.0 273.4 53.2
5640.0 273.4 53.2
5650.0 273.5 53.2
5660.0 273.6 53.2
5670.0 273.7 53.3
5680.0 273.8 53.3
5690.0 273.8 53.3
5700.0 273.9 53.3
5710.0 274.0 53.3
5720.0 274.1 53.3
5730.0 274.1 53.3
5740.0 274.2 53.3
5750.0 274.3 53.3
5760.0 274.4 53.3
5770.0 274.5 53.3
5780.0 274.5 53.4
5790.0 274.6 53.4
5800.0 274.7 53.4
5810.0 274.8 53.4
5820.0 274.8 53.4
5830.0 274.9 53.4
5840.0 275.0 53.4
5850.0 275.1 53.4
5860.0 275.1 53.4
5870.0 275.2 53.4
5880.0 275.3 53.5
5890.0 275.4 53.5
5900.0 275.4 53.5
5910.0 275.5 53.5
5920.0 275.6 53.5
5930.0 275.7 53.5
5940.0 275.7 53.5
5950.0 275.8 53.5
5960.0 275.9 53.5
5970.0 276.0 53.5
5980.0 276.0 53.5
5990.0 276.1 53.6
6000.0 276.2 53.6
6010.0 276.3 53.6
6020.0 276.3 53.6
6030.0 276.4 53.6
6040.0 276.5 53.6
6050.0 276.6 53.6
6060.0 276.6 53.6
6070.0 276.7 53.6
6080.0 276.8 53.6
6090.0 276.9 53.6
6100.0 276.9 53.7
6110.0 277.0 53.7
6120.0 277.1 53.7
6130.0 277.2 53.7
6140.0 277.2 53.7
6150.0 277.3 53.7
6160.0 277.4 53.7
6170.0 277.4 53.7
6180.0 277.5 53.7
6190.0 277.6 53.7
6200.0 277.7 53.7
6210.0 277.7 53.8
6220.0 277.8 53.8
6230.0 277.9 53.8
6240.0 277.9 53.8
6250.0 278.0 53.8
6260.0 278.1 53.8
6270.0 278.2 53.8
6280.0 278.2 53.8
6290.0 278.3 53.8
6300.0 278.4 53.8
6310.0 278.4 53.8
6320.0 278.5 53.9
6330.0 278.6 53.9
6340.0 278.7 53.9
6350.0 278.7 53.9
6360.0 278.8 53.9
6370.0 278.9 53.9
6380.0 278.9 53.9
6390.0 279.0 53.9
6400.0 279.1 53.9
6410.0 279.2 53.9
6420.0 279.2 53.9
6430.0 279.3 54.0
6440.0 279.4 54.0
6450.0 279.4 54.0
6460.0 279.5 54.0
6470.0 279.6 54.0
6480.0 279.6 54.0
6490.0 279.7 54.0
6500.0 279.8 54.0
6510.0 279.9 54.0
6520.0 279.9 54.0
6530.0 280.0 54.0
6540.0 280.1 54.0
6550.0 280.1 54.1
6560.0 280.2 54.1
6570.0 280.3 54.1
6580.0 280.3 54.1
6590.0 280.4 54.1
6600.0 280.5 54.1
6610.0 280.5 54.1
6620.0 280.6 54.1
6630.0 280.7 54.1
6640.0 280.8 54.1
6650.0 280.8 54.1
6660.0 280.9 54.1
6670.0 281.0 54.2
6680.0 281.0 54.2
6690.0 281.1 54.2
6700.0 281.2 54.2
6710.0 281.2 54.2
6720.0 281.3 54.2
6730.0 281.4 54.2
6740.0 281.4 54.2
6750.0 281.5 54.2
6760.0 281.6 54.2
6770.0 281.6 54.2
6780.0 281.7 54.2
6790.0 281.8 54.3
6800.0 281.8 54.3
6810.0 281.9 54.3
6820.0 282.0 54.3
6830.0 282.0 54.3
6840.0 282.1 54.3
6850.0 282.2 54.3
6860.0 282.2 54.3
6870.0 282.3 54.3
6880.0 282.4 54.3
6890.0 282.4 54.3
6900.0 282.5 54.3
6910.0 282.6 54.4
6920.0 282.6 54.4
6930.0 282.7 54.4
6940.0 282.8 54.4
6950.0 282.8 54.4
6960.0 282.9 54.4
6970.0 283.0 54.4
6980.0 283.0 54.4
6990.0 283.1 54.4
7000.0 283.2 54.4
7010.0 283.2 54.4
7020.0 283.3 54.4
7030.0 283.3 54.4
7040.0 283.4 54.5
7050.0 283.5 54.5
7060.0 283.5 54.5
7070.0 283.6 54.5
7080.0 283.7 54.5
7090.0 283.7 54.5
7100.0 283.8 54.5
7110.0 283.9 54.5
7120.0 283.9 54.5
7130.0 284.0 54.5
7140.0 284.1 54.5
7150.0 284.1 54.5
7160.0 284.2 54.5
7170.0 284.3 54.6
7180.0 284.3 54.6
7190.0 284.4 54.6
7200.0 284.4 54.6
7210.0 284.5 54.6
7220.0 284.6 54.6
7230.0 284.6 54.6
7240.0 284.7 54.6
7250.0 284.8 54.6
7260.0 284.8 54.6
7270.0 284.9 54.6
7280.0 285.0 54.6
7290.0 285.0 54.6
7300.0 285.1 54.7
7310.0 285.1 54.7
7320.0 285.2 54.7
7330.0 285.3 54.7
7340.0 285.3 54.7
7350.0 285.4 54.7
7360.0 285.5 54.7
7370.0 285.5 54.7
7380.0 285.6 54.7
7390.0 285.6 54.7
7400.0 285.7 54.7
7410.0 285.8 54.7
7420.0 285.8 54.7
7430.0 285.9 54.8
7440.0 286.0 54.8
7450.0 286.0 54.8
7460.0 286.1 54.8
7470.0 286.1 54.8
7480.0 286.2 54.8
7490.0 286.3 54.8
7500.0 286.3 54.8
7510.0 286.4 54.8
7520.0 286.4 54.8
7530.0 286.5 54.8
7540.0 286.6 54.8
7550.0 286.6 54.8
7560.0 286.7 54.9
7570.0 286.8 54.9
7580.0 286.8 54.9
7590.0 286.9 54.9
7600.0 286.9 54.9
7610.0 287.0 54.9
7620.0 287.1 54.9
7630.0 287.1 54.9
7640.0 287.2 54.9
7650.0 287.2 54.9
7660.0 287.3 54.9
7670.0 287.4 54.9
7680.0 287.4 54.9
7690.0 287.5 54.9
7700.0 287.5 55.0
7710.0 287.6 55.0
7720.0 287.7 55.0
7730.0 287.7 55.0
7740.0 287.8 55.0
7750.0 287.8 55.0
7760.0 287.9 55.0
7770.0 288.0 55.0
7780.0 288.0 55.0
7790.0 288.1 55.0
7800.0 288.1 55.0
7810.0 288.2 55.0
7820.0 288.3 55.0
7830.0 288.3 55.0
7840.0 288.4 55.1
7850.0 288.4 55.1
7860.0 288.5 55.1
7870.0 288.6 55.1
7880.0 288.6 55.1
7890.0 288.7 55.1
7900.0 288.7 55.1
7910.0 288.8 55.1
7920.0 288.9 55.1
7930.0 288.9 55.1
7940.0 289.0 55.1
7950.0 289.0 55.1
7960.0 289.1 55.1
7970.0 289.1 55.1
7980.0 289.2 55.2
7990.0 289.3 55.2
8000.0 289.3 55.2
8010.0 289.4 55.2
8020.0 289.4 55.2
8030.0 289.5 55.2
8040.0 289.6 55.2
8050.0 289.6 55.2
8060.0 289.7 55.2
8070.0 289.7 55.2
8080.0 289.8 55.2
8090.0 289.8 55.2
8100.0 289.9 55.2
8110.0 290.0 55.2
8120.0 290.0 55.2
8130.0 290.1 55.3
8140.0 290.1 55.3
8150.0 290.2 55.3
8160.0 290.3 55.3
8170.0 290.3 55.3
8180.0 290.4 55.3
8190.0 290.4 55.3
8200.0 290.5 55.3
8210.0 290.5 55.3
8220.0 290.6 55.3
8230.0 290.7 55.3
8240.0 290.7 55.3
8250.0 290.8 55.3
8260.0 290.8 55.3
8270.0 290.9 55.3
8280.0 290.9 55.4
8290.0 291.0 55.4
8300.0 291.0 55.4
8310.0 291.1 55.4
8320.0 291.2 55.4
8330.0 291.2 55.4
8340.0 291.3 55.4
8350.0 291.3 55.4
8360.0 291.4 55.4
8370.0 291.4 55.4
8380.0 291.5 55.4
8390.0 291.6 55.4
8400.0 291.6 55.4
8410.0 291.7 55.4
8420.0 291.7 55.4
8430.0 291.8 55.5
8440.0 291.8 55.5
8450.0 291.9 55.5
8460.0 291.9 55.5
8470.0 292.0 55.5
8480.0 292.1 55.5
8490.0 292.1 55.5
8500.0 292.2 55.5
8510.0 292.2 55.5
8520.0 292.3 55.5
8530.0 292.3 55.5
8540.0 292.4 55.5
8550.0 292.4 55.5
8560.0 292.5 55.5
8570.0 292.6 55.5
8580.0 292.6 55.6
8590.0 292.7 55.6
8600.0 292.7 55.6
8610.0 292.8 55.6
8620.0 292.8 55.6
8630.0 292.9 55.6
8640.0 292.9 55.6
8650.0 293.0 55.6
8660.0 293.1 55.6
8670.0 293.1 55.6
8680.0 293.2 55.6
8690.0 293.2 55.6
8700.0 293.3 55.6
8710.0 293.3 55.6
8720.0 293.4 55.6
8730.0 293.4 55.7
8740.0 293.5 55.7
8750.0 293.5 55.7
8760.0 293.6 55.7
8770.0 293.6 55.7
8780.0 293.7 55.7
8790.0 293.8 55.7
8800.0 293.8 55.7
8810.0 293.9 55.7
8820.0 293.9 55.7
8830.0 294.0 55.7
8840.0 294.0 55.7
8850.0 294.1 55.7
8860.0 294.1 55.7
8870.0 294.2 55.7
8880.0 294.2 55.7
8890.0 294.3 55.8
8900.0 294.3 55.8
8910.0 294.4 55.8
8920.0 294.5 55.8
8930.0 294.5 55.8
8940.0 294.6 55.8
8950.0 294.6 55.8
8960.0 294.7 55.8
8970.0 294.7 55.8
8980.0 294.8 55.8
8990.0 294.8 55.8
9000.0 294.9 55.8
9010.0 294.9 55.8
9020.0 295.0 55.8
9030.0 295.0 55.8
9040.0 295.1 55.8
9050.0 295.1 55.9
9060.0 295.2 55.9
9070.0 295.2 55.9
9080.0 295.3 55.9
9090.0 295.4 55.9
9100.0 295.4 55.9
9110.0 295.5 55.9
9120.0 295.5 55.9
9130.0 295.6 55.9
9140.0 295.6 55.9
9150.0 295.7 55.9
9160.0 295.7 55.9
9170.0 295.8 55.9
9180.0 295.8 55.9
9190.0 295.9 55.9
9200.0 295.9 55.9
9210.0 296.0 55.9
9220.0 296.0 56.0
9230.0 296.1 56.0
9240.0 296.1 56.0
9250.0 296.2 56.0
9260.0 296.2 56.0
9270.0 296.3 56.0
9280.0 296.3 56.0
9290.0 296.4 56.0
9300.0 296.4 56.0
9310.0 296.5 56.0
9320.0 296.5 56.0
9330.0 296.6 56.0
9340.0 296.7 56.0
9350.0 296.7 56.0
9360.0 296.8 56.0
9370.0 296.8 56.0
9380.0 296.9 56.0
9390.0 296.9 56.1
9400.0 297.0 56.1
9410.0 297.0 56.1
9420.0 297.1 56.1
9430.0 297.1 56.1
9440.0 297.2 56.1
9450.0 297.2 56.1
9460.0 297.3 56.1
9470.0 297.3 56.1
9480.0 297.4 56.1
9490.0 297.4 56.1
9500.0 297.5 56.1
9510.0 297.5 56.1
9520.0 297.6 56.1
9530.0 297.6 56.1
9540.0 297.7 56.1
9550.0 297.7 56.1
9560.0 297.8 56.2
9570.0 297.8 56.2
9580.0 297.9 56.2
9590.0 297.9 56.2
9600.0 298.0 56.2
9610.0 298.0 56.2
9620.0 298.1 56.2
9630.0 298.1 56.2
9640.0 298.2 56.2
9650.0 298.2 56.2
9660.0 298.3 56.2
9670.0 298.3 56.2
9680.0 298.4 56.2
9690.0 298.4 56.2
9700.0 298.5 56.2
9710.0 298.5 56.2
9720.0 298.6 56.2
9730.0 298.6 56.3
9740.0 298.7 56.3
9750.0 298.7 56.3
9760.0 298.8 56.3
9770.0 298.8 56.3
9780.0 298.9 56.3
9790.0 298.9 56.3
9800.0 299.0 56.3
9810.0 299.0 56.3
9820.0 299.1 56.3
9830.0 299.1 56.3
9840.0 299.2 56.3
9850.0 299.2 56.3
9860.0 299.3 56.3
9870.0 299.3 56.3
9880.0 299.4 56.3
9890.0 299.4 56.3
9900.0 299.5 56.3
9910.0 299.5 56.4
9920.0 299.6 56.4
9930.0 299.6 56.4
9940.0 299.6 56.4
9950.0 299.7 56.4
9960.0 299.7 56.4
9970.0 299.8 56.4
9980.0 299.8 56.4
9990.0 299.9 56.4
10000.0 299.9 56.4
10010.0 300.0 56.4
10020.0 300.0 56.4
10030.0 300.1 56.4
10040.0 300.1 56.4
10050.0 300.2 56.4
10060.0 300.2 56.4
10070.0 300.3 56.4
10080.0 300.3 56.4
10090.0 300.4 56.5
10100.0 300.4 56.5
10110.0 300.5 56.5
10120.0 300.5 56.5
10130.0 300.6 56.5
10140.0 300.6 56.5
10150.0 300.7 56.5
10160.0 300.7 56.5
10170.0 300.8 56.5
10180.0 300.8 56.5
10190.0 300.9 56.5
10200.0 300.9 56.5
10210.0 300.9 56.5
10220.0 301.0 56.5
10230.0 301.0 56.5
10240.0 301.1 56.5
10250.0 301.1 56.5
10260.0 301.2 56.5
10270.0 301.2 56.6
10280.0 301.3 56.6
10290.0 301.3 56.6
10300.0 301.4 56.6
10310.0 301.4 56.6
10320.0 301.5 56.6
10330.0 301.5 56.6
10340.0 301.6 56.6
10350.0 301.6 56.6
10360.0 301.7 56.6
10370.0 301.7 56.6
10380.0 301.8 56.6
10390.0 301.8 56.6
10400.0 301.8 56.6
10410.0 301.9 56.6
10420.0 301.9 56.6
10430.0 302.0 56.6
10440.0 302.0 56.6
10450.0 302.1 56.7
10460.0 302.1 56.7
10470.0 302.2 56.7
10480.0 302.2 56.7
10490.0 302.3 56.7
10500.0 302.3 56.7
10510.0 302.4 56.7
10520.0 302.4 56.7
10530.0 302.5 56.7
10540.0 302.5 56.7
10550.0 302.5 56.7
10560.0 302.6 56.7
10570.0 302.6 56.7
10580.0 302.7 56.7
10590.0 302.7 56.7
10600.0 302.8 56.7
10610.0 302.8 56.7
10620.0 302.9 56.7
10630.0 302.9 56.7
10640.0 303.0 56.8
10650.0 303.0 56.8
10660.0 303.1 56.8
10670.0 303.1 56.8
10680.0 303.1 56.8
10690.0 303.2 56.8
10700.0 303.2 56.8
10710.0 303.3 56.8
10720.0 303.3 56.8
10730.0 303.4 56.8
10740.0 303.4 56.8
10750.0 303.5 56.8
10760.0 303.5 56.8
10770.0 303.6 56.8
10780.0 303.6 56.8
10790.0 303.6 56.8
10800.0 303.7 56.8
10810.0 303.7 56.8
10820.0 303.8 56.8
10830.0 303.8 56.8
10840.0 303.9 56.9
10850.0 303.9 56.9
10860.0 304.0 56.9
10870.0 304.0 56.9
10880.0 304.1 56.9
10890.0 304.1 56.9
10900.0 304.1 56.9
10910.0 304.2 56.9
10920.0 304.2 56.9
10930.0 304.3 56.9
10940.0 304.3 56.9
10950.0 304.4 56.9
10960.0 304.4 56.9
10970.0 304.5 56.9
10980.0 304.5 56.9
10990.0 304.5 56.9
11000.0 304.6 56.9
11010.0 304.6 56.9
11020.0 304.7 56.9
11030.0 304.7 57.0
11040.0 304.8 57.0
11050.0 304.8 57.0
11060.0 304.9 57.0
11070.0 304.9 57.0
11080.0 304.9 57.0
11090.0 305.0 57.0
11100.0 305.0 57.0
11110.0 305.1 57.0
11120.0 305.1 57.0
11130.0 305.2 57.0
11140.0 305.2 57.0
11150.0 305.3 57.0
11160.0 305.3 57.0
11170.0 305.3 57.0
11180.0 305.4 57.0
11190.0 305.4 57.0
11200.0 305.5 57.0
11210.0 305.5 57.0
11220.0 305.6 57.0
11230.0 305.6 57.1
11240.0 305.7 57.1
11250.0 305.7 57.1
11260.0 305.7 57.1
11270.0 305.8 57.1
11280.0 305.8 57.1
11290.0 305.9 57.1
11300.0 305.9 57.1
11310.0 306.0 57.1
11320.0 306.0 57.1
11330.0 306.0 57.1
11340.0 306.1 57.1
11350.0 306.1 57.1
11360.0 306.2 57.1
11370.0 306.2 57.1
11380.0 306.3 57.1
11390.0 306.3 57.1
11400.0 306.4 57.1
11410.0 306.4 57.1
11420.0 306.4 57.1
11430.0 306.5 57.1
11440.0 306.5 57.2
11450.0 306.6 57.2
11460.0 306.6 57.2
11470.0 306.7 57.2
11480.0 306.7 57.2
11490.0 306.7 57.2
11500.0 306.8 57.2
11510.0 306.8 57.2
11520.0 306.9 57.2
11530.0 306.9 57.2
11540.0 307.0 57.2
11550.0 307.0 57.2
11560.0 307.0 57.2
11570.0 307.1 57.2
11580.0 307.1 57.2
11590.0 307.2 57.2
11600.0 307.2 57.2
11610.0 307.3 57.2
11620.0 307.3 57.2
11630.0 307.3 57.2
11640.0 307.4 57.3
11650.0 307.4 57.3
11660.0 307.5 57.3
11670.0 307.5 57.3
11680.0 307.6 57.3
11690.0 307.6 57.3
11700.0 307.6 57.3
11710.0 307.7 57.3
11720.0 307.7 57.3
11730.0 307.8 57.3
11740.0 307.8 57.3
11750.0 307.9 57.3
11760.0 307.9 57.3
11770.0 307.9 57.3
11780.0 308.0 57.3
11790.0 308.0 57.3
11800.0 308.1 57.3
11810.0 308.1 57.3
11820.0 308.1 57.3
11830.0 308.2 57.3
11840.0 308.2 57.3
11850.0 308.3 57.4
11860.0 308.3 57.4
11870.0 308.4 57.4
11880.0 308.4 57.4
11890.0 308.4 57.4
11900.0 308.5 57.4
11910.0 308.5 57.4
11920.0 308.6 57.4
11930.0 308.6 57.4
11940.0 308.7 57.4
11950.0 308.7 57.4
11960.0 308.7 57.4
11970.0 308.8 57.4
11980.0 308.8 57.4
11990.0 308.9 57.4
12000.0 308.9 57.4
12010.0 308.9 57.4
12020.0 309.0 57.4
12030.0 309.0 57.4
12040.0 309.1 57.4
12050.0 309.1 57.4
12060.0 309.2 57.4
12070.0 309.2 57.5
12080.0 309.2 57.5
12090.0 309.3 57.5
12100.0 309.3 57.5
12110.0 309.4 57.5
12120.0 309.4 57.5
12130.0 309.4 57.5
12140.0 309.5 57.5
12150.0 309.5 57.5
12160.0 309.6 57.5
12170.0 309.6 57.5
12180.0 309.6 57.5
12190.0 309.7 57.5
12200.0 309.7 57.5
12210.0 309.8 57.5
12220.0 309.8 57.5
12230.0 309.9 57.5
12240.0 309.9 57.5
12250.0 309.9 57.5
12260.0 310.0 57.5
12270.0 310.0 57.5
12280.0 310.1 57.5
12290.0 310.1 57.6
12300.0 310.1 57.6
12310.0 310.2 57.6
12320.0 310.2 57.6
12330.0 310.3 57.6
12340.0 310.3 57.6
12350.0 310.3 57.6
12360.0 310.4 57.6
12370.0 310.4 57.6
12380.0 310.5 57.6
12390.0 310.5 57.6
12400.0 310.5 57.6
12410.0 310.6 57.6
12420.0 310.6 57.6
12430.0 310.7 57.6
12440.0 310.7 57.6
12450.0 310.7 57.6
12460.0 310.8 57.6
12470.0 310.8 57.6
12480.0 310.9 57.6
12490.0 310.9 57.6
12500.0 310.9 57.6
12510.0 311.0 57.7
12520.0 311.0 57.7
12530.0 311.1 57.7
12540.0 311.1 57.7
12550.0 311.1 57.7
12560.0 311.2 57.7
12570.0 311.2 57.7
12580.0 311.3 57.7
12590.0 311.3 57.7
12600.0 311.3 57.7
12610.0 311.4 57.7
12620.0 311.4 57.7
12630.0 311.5 57.7
12640.0 311.5 57.7
12650.0 311.5 57.7
12660.0 311.6 57.7
12670.0 311.6 57.7
12680.0 311.7 57.7
12690.0 311.7 57.7
12700.0 311.7 57.7
12710.0 311.8 57.7
12720.0 311.8 57.7
12730.0 311.9 57.7
12740.0 311.9 57.8
12750.0 311.9 57.8
12760.0 312.0 57.8
12770.0 312.0 57.8
12780.0 312.1 57.8
12790.0 312.1 57.8
12800.0 312.1 57.8
12810.0 312.2 57.8
12820.0 312.2 57.8
12830.0 312.3 57.8
12840.0 312.3 57.8
12850.0 312.3 57.8
12860.0 312.4 57.8
12870.0 312.4 57.8
12880.0 312.5 57.8
12890.0 312.5 57.8
12900.0 312.5 57.8
12910.0 312.6 57.8
12920.0 312.6 57.8
12930.0 312.6 57.8
12940.0 312.7 57.8
12950.0 312.7 57.8
12960.0 312.8 57.8
12970.0 312.8 57.9
12980.0 312.8 57.9
12990.0 312.9 57.9
13000.0 312.9 57.9
13010.0 313.0 57.9
13020.0 313.0 57.9
13030.0 313.0 57.9
13040.0 313.1 57.9
13050.0 313.1 57.9
13060.0 313.2 57.9
13070.0 313.2 57.9
13080.0 313.2 57.9
13090.0 313.3 57.9
13100.0 313.3 57.9
13110.0 313.3 57.9
13120.0 313.4 57.9
13130.0 313.4 57.9
13140.0 313.5 57.9
13150.0 313.5 57.9
13160.0 313.5 57.9
13170.0 313.6 57.9
13180.0 313.6 57.9
13190.0 313.7 57.9
13200.0 313.7 58.0
13210.0 313.7 58.0
13220.0 313.8 58.0
13230.0 313.8 58.0
13240.0 313.8 58.0
13250.0 313.9 58.0
13260.0 313.9 58.0
13270.0 314.0 58.0
13280.0 314.0 58.0
13290.0 314.0 58.0
13300.0 314.1 58.0
13310.0 314.1 58.0
13320.0 314.2 58.0
13330.0 314.2 58.0
13340.0 314.2 58.0
13350.0 314.3 58.0
13360.0 314.3 58.0
13370.0 314.3 58.0
13380.0 314.4 58.0
13390.0 314.4 58.0
13400.0 314.5 58.0
13410.0 314.5 58.0
13420.0 314.5 58.0
13430.0 314.6 58.0
13440.0 314.6 58.1
13450.0 314.6 58.1
13460.0 314.7 58.1
13470.0 314.7 58.1
13480.0 314.8 58.1
13490.0 314.8 58.1
13500.0 314.8 58.1
13510.0 314.9 58.1
13520.0 314.9 58.1
13530.0 314.9 58.1
13540.0 315.0 58.1
13550.0 315.0 58.1
13560.0 315.1 58.1
13570.0 315.1 58.1
13580.0 315.1 58.1
13590.0 315.2 58.1
13600.0 315.2 58.1
13610.0 315.2 58.1
13620.0 315.3 58.1
13630.0 315.3 58.1
13640.0 315.4 58.1
13650.0 315.4 58.1
13660.0 315.4 58.1
13670.0 315.5 58.1
13680.0 315.5 58.2
13690.0 315.5 58.2
13700.0 315.6 58.2
13710.0 315.6 58.2
13720.0 315.7 58.2
13730.0 315.7 58.2
13740.0 315.7 58.2
13750.0 315.8 58.2
13760.0 315.8 58.2
13770.0 315.8 58.2
13780.0 315.9 58.2
13790.0 315.9 58.2
13800.0 316.0 58.2
13810.0 316.0 58.2
13820.0 316.0 58.2
13830.0 316.1 58.2
13840.0 316.1 58.2
13850.0 316.1 58.2
13860.0 316.2 58.2
13870.0 316.2 58.2
13880.0 316.2 58.2
13890.0 316.3 58.2
13900.0 316.3 58.2
13910.0 316.4 58.2
13920.0 316.4 58.2
13930.0 316.4 58.3
13940.0 316.5 58.3
13950.0 316.5 58.3
13960.0 316.5 58.3
13970.0 316.6 58.3
13980.0 316.6 58.3
13990.0 316.7 58.3
14000.0 316.7 58.3
14010.0 316.7 58.3
14020.0 316.8 58.3
14030.0 316.8 58.3
14040.0 316.8 58.3
14050.0 316.9 58.3
14060.0 316.9 58.3
14070.0 316.9 58.3
14080.0 317.0 58.3
14090.0 317.0 58.3
14100.0 317.1 58.3
14110.0 317.1 58.3
14120.0 317.1 58.3
14130.0 317.2 58.3
14140.0 317.2 58.3
14150.0 317.2 58.3
14160.0 317.3 58.3
14170.0 317.3 58.3
14180.0 317.3 58.4
14190.0 317.4 58.4
14200.0 317.4 58.4
14210.0 317.5 58.4
14220.0 317.5 58.4
14230.0 317.5 58.4
14240.0 317.6 58.4
14250.0 317.6 58.4
14260.0 317.6 58.4
14270.0 317.7 58.4
14280.0 317.7 58.4
14290.0 317.7 58.4
14300.0 317.8 58.4
14310.0 317.8 58.4
14320.0 317.8 58.4
14330.0 317.9 58.4
14340.0 317.9 58.4
14350.0 318.0 58.4
14360.0 318.0 58.4
14370.0 318.0 58.4
14380.0 318.1 58.4
14390.0 318.1 58.4
14400.0 318.1 58.4
14410.0 318.2 58.4
14420.0 318.2 58.4
14430.0 318.2 58.4
14440.0 318.3 58.5
14450.0 318.3 58.5
14460.0 318.3 58.5
14470.0 318.4 58.5
14480.0 318.4 58.5
14490.0 318.5 58.5
14500.0 318.5 58.5
14510.0 318.5 58.5
14520.0 318.6 58.5
14530.0 318.6 58.5
14540.0 318.6 58.5
14550.0 318.7 58.5
14560.0 318.7 58.5
14570.0 318.7 58.5
14580.0 318.8 58.5
14590.0 318.8 58.5
14600.0 318.8 58.5
14610.0 318.9 58.5
14620.0 318.9 58.5
14630.0 318.9 58.5
14640.0 319.0 58.5
14650.0 319.0 58.5
14660.0 319.1 58.5
14670.0 319.1 58.5
14680.0 319.1 58.5
14690.0 319.2 58.5
14700.0 319.2 58.6
14710.0 319.2 58.6
14720.0 319.3 58.6
14730.0 319.3 58.6
14740.0 319.3 58.6
14750.0 319.4 58.6
14760.0 319.4 58.6
14770.0 319.4 58.6
14780.0 319.5 58.6
14790.0 319.5 58.6
14800.0 319.5 58.6
14810.0 319.6 58.6
14820.0 319.6 58.6
14830.0 319.6 58.6
14840.0 319.7 58.6
14850.0 319.7 58.6
14860.0 319.8 58.6
14870.0 319.8 58.6
14880.0 319.8 58.6
14890.0 319.9 58.6
14900.0 319.9 58.6
14910.0 319.9 58.6
14920.0 320.0 58.6
14930.0 320.0 58.6
14940.0 320.0 58.6
14950.0 320.1 58.6
14960.0 320.1 58.6
14970.0 320.1 58.7
14980.0 320.2 58.7
14990.0 320.2 58.7
15000.0 320.2 58.7
15010.0 320.3 58.7
15020.0 320.3 58.7
15030.0 320.3 58.7
15040.0 320.4 58.7
15050.0 320.4 58.7
15060.0 320.4 58.7
15070.0 320.5 58.7
15080.0 320.5 58.7
15090.0 320.5 58.7
15100.0 320.6 58.7
15110.0 320.6 58.7
15120.0 320.7 58.7
15130.0 320.7 58.7
15140.0 320.7 58.7
15150.0 320.8 58.7
15160.0 320.8 58.7
15170.0 320.8 58.7
15180.0 320.9 58.7
15190.0 320.9 58.7
15200.0 320.9 58.7
15210.0 321.0 58.7
15220.0 321.0 58.7
15230.0 321.0 58.7
15240.0 321.1 58.8
15250.0 321.1 58.8
15260.0 321.1 58.8
15270.0 321.2 58.8
15280.0 321.2 58.8
15290.0 321.2 58.8
15300.0 321.3 58.8
15310.0 321.3 58.8
15320.0 321.3 58.8
15330.0 321.4 58.8
15340.0 321.4 58.8
15350.0 321.4 58.8
15360.0 321.5 58.8
15370.0 321.5 58.8
15380.0 321.5 58.8
15390.0 321.6 58.8
15400.0 321.6 58.8
15410.0 321.6 58.8
15420.0 321.7 58.8
15430.0 321.7 58.8
15440.0 321.7 58.8
15450.0 321.8 58.8
15460.0 321.8 58.8
15470.0 321.8 58.8
15480.0 321.9 58.8
15490.0 321.9 58.8
15500.0 321.9 58.8
15510.0 322.0 58.8
15520.0 322.0 58.9
15530.0 322.0 58.9
15540.0 322.1 58.9
15550.0 322.1 58.9
15560.0 322.1 58.9
15570.0 322.2 58.9
15580.0 322.2 58.9
15590.0 322.2 58.9
15600.0 322.3 58.9
15610.0 322.3 58.9
15620.0 322.3 58.9
15630.0 322.4 58.9
15640.0 322.4 58.9
15650.0 322.4 58.9
15660.0 322.5 58.9
15670.0 322.5 58.9
15680.0 322.5 58.9
15690.0 322.6 58.9
15700.0 322.6 58.9
15710.0 322.6 58.9
15720.0 322.7 58.9
15730.0 322.7 58.9
15740.0 322.7 58.9
15750.0 322.8 58.9
15760.0 322.8 58.9
15770.0 322.8 58.9
15780.0 322.9 58.9
15790.0 322.9 58.9
15800.0 322.9 59.0
15810.0 323.0 59.0
15820.0 323.0 59.0
15830.0 323.0 59.0
15840.0 323.1 59.0
15850.0 323.1 59.0
15860.0 323.1 59.0
15870.0 323.2 59.0
15880.0 323.2 59.0
15890.0 323.2 59.0
15900.0 323.3 59.0
15910.0 323.3 59.0
15920.0 323.3 59.0
15930.0 323.4 59.0
15940.0 323.4 59.0
15950.0 323.4 59.0
15960.0 323.5 59.0
15970.0 323.5 59.0
15980.0 323.5 59.0
15990.0 323.6 59.0
16000.0 323.6 59.0
16010.0 323.6 59.0
16020.0 323.7 59.0
16030.0 323.7 59.0
16040.0 323.7 59.0
16050.0 323.8 59.0
16060.0 323.8 59.0
16070.0 323.8 59.0
16080.0 323.9 59.1
16090.0 323.9 59.1
16100.0 323.9 59.1
16110.0 324.0 59.1
16120.0 324.0 59.1
16130.0 324.0 59.1
16140.0 324.1 59.1
16150.0 324.1 59.1
16160.0 324.1 59.1
16170.0 324.1 59.1
16180.0 324.2 59.1
16190.0 324.2 59.1
16200.0 324.2 59.1
16210.0 324.3 59.1
16220.0 324.3 59.1
16230.0 324.3 59.1
16240.0 324.4 59.1
16250.0 324.4 59.1
16260.0 324.4 59.1
16270.0 324.5 59.1
16280.0 324.5 59.1
16290.0 324.5 59.1
16300.0 324.6 59.1
16310.0 324.6 59.1
16320.0 324.6 59.1
16330.0 324.7 59.1
16340.0 324.7 59.1
16350.0 324.7 59.1
16360.0 324.8 59.1
16370.0 324.8 59.2
16380.0 324.8 59.2
16390.0 324.9 59.2
16400.0 324.9 59.2
16410.0 324.9 59.2
16420.0 325.0 59.2
16430.0 325.0 59.2
16440.0 325.0 59.2
16450.0 325.0 59.2
16460.0 325.1 59.2
16470.0 325.1 59.2
16480.0 325.1 59.2
16490.0 325.2 59.2
16500.0 325.2 59.2
16510.0 325.2 59.2
16520.0 325.3 59.2
16530.0 325.3 59.2
16540.0 325.3 59.2
16550.0 325.4 59.2
16560.0 325.4 59.2
16570.0 325.4 59.2
16580.0 325.5 59.2
16590.0 325.5 59.2
16600.0 325.5 59.2
16610.0 325.6 59.2
16620.0 325.6 59.2
16630.0 325.6 59.2
16640.0 325.7 59.2
16650.0 325.7 59.2
16660.0 325.7 59.2
16670.0 325.7 59.3
16680.0 325.8 59.3
16690.0 325.8 59.3
16700.0 325.8 59.3
16710.0 325.9 59.3
16720.0 325.9 59.3
16730.0 325.9 59.3
16740.0 326.0 59.3
16750.0 326.0 59.3
16760.0 326.0 59.3
16770.0 326.1 59.3
16780.0 326.1 59.3
16790.0 326.1 59.3
16800.0 326.2 59.3
16810.0 326.2 59.3
16820.0 326.2 59.3
16830.0 326.2 59.3
16840.0 326.3 59.3
16850.0 326.3 59.3
16860.0 326.3 59.3
16870.0 326.4 59.3
16880.0 326.4 59.3
16890.0 326.4 59.3
16900.0 326.5 59.3
16910.0 326.5 59.3
16920.0 326.5 59.3
16930.0 326.6 59.3
16940.0 326.6 59.3
16950.0 326.6 59.3
16960.0 326.7 59.3
16970.0 326.7 59.4
16980.0 326.7 59.4
16990.0 326.7 59.4
17000.0 326.8 59.4
17010.0 326.8 59.4
17020.0 326.8 59.4
17030.0 326.9 59.4
17040.0 326.9 59.4
17050.0 326.9 59.4
17060.0 327.0 59.4
17070.0 327.0 59.4
17080.0 327.0 59.4
17090.0 327.1 59.4
17100.0 327.1 59.4
17110.0 327.1 59.4
17120.0 327.2 59.4
17130.0 327.2 59.4
17140.0 327.2 59.4
17150.0 327.2 59.4
17160.0 327.3 59.4
17170.0 327.3 59.4
17180.0 327.3 59.4
17190.0 327.4 59.4
17200.0 327.4 59.4
17210.0 327.4 59.4
17220.0 327.5 59.4
17230.0 327.5 59.4
17240.0 327.5 59.4
17250.0 327.6 59.4
17260.0 327.6 59.4
17270.0 327.6 59.4
17280.0 327.6 59.5
17290.0 327.7 59.5
17300.0 327.7 59.5
17310.0 327.7 59.5
17320.0 327.8 59.5
17330.0 327.8 59.5
17340.0 327.8 59.5
17350.0 327.9 59.5
17360.0 327.9 59.5
17370.0 327.9 59.5
17380.0 327.9 59.5
17390.0 328.0 59.5
17400.0 328.0 59.5
17410.0 328.0 59.5
17420.0 328.1 59.5
17430.0 328.1 59.5
17440.0 328.1 59.5
17450.0 328.2 59.5
17460.0 328.2 59.5
17470.0 328.2 59.5
17480.0 328.3 59.5
17490.0 328.3 59.5
17500.0 328.3 59.5
17510.0 328.3 59.5
17520.0 328.4 59.5
17530.0 328.4 59.5
17540.0 328.4 59.5
17550.0 328.5 59.5
17560.0 328.5 59.5
17570.0 328.5 59.5
17580.0 328.6 59.5
17590.0 328.6 59.6
17600.0 328.6 59.6
17610.0 328.6 59.6
17620.0 328.7 59.6
17630.0 328.7 59.6
17640.0 328.7 59.6
17650.0 328.8 59.6
17660.0 328.8 59.6
17670.0 328.8 59.6
17680.0 328.9 59.6
17690.0 328.9 59.6
17700.0 328.9 59.6
17710.0 328.9 59.6
17720.0 329.0 59.6
17730.0 329.0 59.6
17740.0 329.0 59.6
17750.0 329.1 59.6
17760.0 329.1 59.6
17770.0 329.1 59.6
17780.0 329.2 59.6
17790.0 329.2 59.6
17800.0 329.2 59.6
17810.0 329.2 59.6
17820.0 329.3 59.6
17830.0 329.3 59.6
17840.0 329.3 59.6
17850.0 329.4 59.6
17860.0 329.4 59.6
17870.0 329.4 59.6
17880.0 329.5 59.6
17890.0 329.5 59.6
17900.0 329.5 59.6
17910.0 329.5 59.7
17920.0 329.6 59.7
17930.0 329.6 59.7
17940.0 329.6 59.7
17950.0 329.7 59.7
17960.0 329.7 59.7
17970.0 329.7 59.7
17980.0 329.8 59.7
17990.0 329.8 59.7
18000.0 329.8 59.7
18010.0 329.8 59.7
18020.0 329.9 59.7
18030.0 329.9 59.7
18040.0 329.9 59.7
18050.0 330.0 59.7
18060.0 330.0 59.7
18070.0 330.0 59.7
18080.0 330.0 59.7
18090.0 330.1 59.7
18100.0 330.1 59.7
18110.0 330.1 59.7
18120.0 330.2 59.7
18130.0 330.2 59.7
18140.0 330.2 59.7
18150.0 330.3 59.7
18160.0 330.3 59.7
18170.0 330.3 59.7
18180.0 330.3 59.7
18190.0 330.4 59.7
18200.0 330.4 59.7
18210.0 330.4 59.7
18220.0 330.5 59.7
18230.0 330.5 59.8
18240.0 330.5 59.8
18250.0 330.5 59.8
18260.0 330.6 59.8
18270.0 330.6 59.8
18280.0 330.6 59.8
18290.0 330.7 59.8
18300.0 330.7 59.8
18310.0 330.7 59.8
18320.0 330.8 59.8
18330.0 330.8 59.8
18340.0 330.8 59.8
18350.0 330.8 59.8
18360.0 330.9 59.8
18370.0 330.9 59.8
18380.0 330.9 59.8
18390.0 331.0 59.8
18400.0 331.0 59.8
18410.0 331.0 59.8
18420.0 331.0 59.8
18430.0 331.1 59.8
18440.0 331.1 59.8
18450.0 331.1 59.8
18460.0 331.2 59.8
18470.0 331.2 59.8
18480.0 331.2 59.8
18490.0 331.2 59.8
18500.0 331.3 59.8
18510.0 331.3 59.8
18520.0 331.3 59.8
18530.0 331.4 59.8
18540.0 331.4 59.8
18550.0 331.4 59.8
18560.0 331.4 59.9
18570.0 331.5 59.9
18580.0 331.5 59.9
18590.0 331.5 59.9
18600.0 331.6 59.9
18610.0 331.6 59.9
18620.0 331.6 59.9
18630.0 331.6 59.9
18640.0 331.7 59.9
18650.0 331.7 59.9
18660.0 331.7 59.9
18670.0 331.8 59.9
18680.0 331.8 59.9
18690.0 331.8 59.9
18700.0 331.8 59.9
18710.0 331.9 59.9
18720.0 331.9 59.9
18730.0 331.9 59.9
18740.0 332.0 59.9
18750.0 332.0 59.9
18760.0 332.0 59.9
18770.0 332.0 59.9
18780.0 332.1 59.9
18790.0 332.1 59.9
18800.0 332.1 59.9
18810.0 332.2 59.9
18820.0 332.2 59.9
18830.0 332.2 59.9
18840.0 332.2 59.9
18850.0 332.3 59.9
18860.0 332.3 59.9
18870.0 332.3 59.9
18880.0 332.4 59.9
18890.0 332.4 59.9
18900.0 332.4 60.0
18910.0 332.4 60.0
18920.0 332.5 60.0
18930.0 332.5 60.0
18940.0 332.5 60.0
18950.0 332.6 60.0
18960.0 332.6 60.0
18970.0 332.6 60.0
18980.0 332.6 60.0
18990.0 332.7 60.0
19000.0 332.7 60.0
19010.0 332.7 60.0
19020.0 332.8 60.0
19030.0 332.8 60.0
19040.0 332.8 60.0
19050.0 332.8 60.0
19060.0 332.9 60.0
19070.0 332.9 60.0
19080.0 332.9 60.0
19090.0 333.0 60.0
19100.0 333.0 60.0
19110.0 333.0 60.0
19120.0 333.0 60.0
19130.0 333.1 60.0
19140.0 333.1 60.0
19150.0 333.1 60.0
19160.0 333.2 60.0
19170.0 333.2 60.0
19180.0 333.2 60.0
19190.0 333.2 60.0
19200.0 333.3 60.0
19210.0 333.3 60.0
19220.0 333.3 60.0
19230.0 333.4 60.0
19240.0 333.4 60.1
19250.0 333.4 60.1
19260.0 333.4 60.1
19270.0 333.5 60.1
19280.0 333.5 60.1
19290.0 333.5 60.1
19300.0 333.5 60.1
19310.0 333.6 60.1
19320.0 333.6 60.1
19330.0 333.6 60.1
19340.0 333.7 60.1
19350.0 333.7 60.1
19360.0 333.7 60.1
19370.0 333.7 60.1
19380.0 333.8 60.1
19390.0 333.8 60.1
19400.0 333.8 60.1
19410.0 333.9 60.1
19420.0 333.9 60.1
19430.0 333.9 60.1
19440.0 333.9 60.1
19450.0 334.0 60.1
19460.0 334.0 60.1
19470.0 334.0 60.1
19480.0 334.0 60.1
19490.0 334.1 60.1
19500.0 334.1 60.1
19510.0 334.1 60.1
19520.0 334.2 60.1
19530.0 334.2 60.1
19540.0 334.2 60.1
19550.0 334.2 60.1
19560.0 334.3 60.1
19570.0 334.3 60.1
19580.0 334.3 60.1
19590.0 334.4 60.2
19600.0 334.4 60.2
19610.0 334.4 60.2
19620.0 334.4 60.2
19630.0 334.5 60.2
19640.0 334.5 60.2
19650.0 334.5 60.2
19660.0 334.5 60.2
19670.0 334.6 60.2
19680.0 334.6 60.2
19690.0 334.6 60.2
19700.0 334.7 60.2
19710.0 334.7 60.2
19720.0 334.7 60.2
19730.0 334.7 60.2
19740.0 334.8 60.2
19750.0 334.8 60.2
19760.0 334.8 60.2
19770.0 334.8 60.2
19780.0 334.9 60.2
19790.0 334.9 60.2
19800.0 334.9 60.2
19810.0 335.0 60.2
19820.0 335.0 60.2
19830.0 335.0 60.2
19840.0 335.0 60.2
19850.0 335.1 60.2
19860.0 335.1 60.2
19870.0 335.1 60.2
19880.0 335.1 60.2
19890.0 335.2 60.2
19900.0 335.2 60.2
19910.0 335.2 60.2
19920.0 335.3 60.2
19930.0 335.3 60.2
19940.0 335.3 60.3
19950.0 335.3 60.3
19960.0 335.4 60.3
19970.0 335.4 60.3
19980.0 335.4 60.3
19990.0 335.4 60.3
